image_width: 960
image_height: 540
camera_name: zed/left
camera_matrix:
  rows: 3
  cols: 3
  #data: [533.289276, 0.000000, 490.972994, 0.000000, 533.836386, 284.196385, 0.000000, 0.000000, 1.000000]
  data: [527.6164797655975, 0.000000, 489.6354998995646, 0.000000, 528.4383245963548, 290.2223321504129, 0.000000, 0.000000, 1.000000]
distortion_model: plumb_bob
distortion_coefficients:
  rows: 1
  cols: 5
  #data: [-0.175994, 0.028318, 0.000169, 0.000348, 0.000000]
  data: [-0.17567960446098072, 0.02810607761987632, 0.0003279643881790005, 0.0002498499442576141, 0.000000]
rectification_matrix:
  rows: 3
  cols: 3
  data: [0.998920, 0.003755, 0.046302, -0.003559, 0.999984, -0.004311, -0.046318, 0.004142, 0.998918]
projection_matrix:
  rows: 3
  cols: 4
  data: [528.521434, 0.000000, 457.380836, 0.000000, 0.000000, 528.521434, 280.065393, 0.000000, 0.000000, 0.000000, 1.000000, 0.000000]
