image_width: 640
image_height: 360
camera_name: zed/left
camera_matrix:
  rows: 3
  cols: 3
  #data: [533.289276, 0.000000, 490.972994, 0.000000, 533.836386, 284.196385, 0.000000, 0.000000, 1.000000]
  data: [349.94772451423637, 0.000000, 326.5499062297694, 0.000000, 350.3703980653211, 191.8088498229556, 0.000000, 0.000000, 1.000000]
distortion_model: plumb_bob
distortion_coefficients:
  rows: 1
  cols: 5
  #data: [-0.175994, 0.028318, 0.000169, 0.000348, 0.000000]
  data: [-0.17435122255099966, 0.02756210818783766, 0.00010347376168624128, 0.00014831168854192284, 0.000000]
rectification_matrix:
  rows: 3
  cols: 3
  data: [0.999919, 0.003931, 0.012130, -0.003916, 0.999992, -0.001242, -0.012135, 0.001195, 0.999926]
projection_matrix:
  rows: 3
  cols: 4
  data: [357.394607, 0.000000, 324.489147, 0.000000, 0.000000, 357.394607, 186.573761, 0.000000, 0.000000, 0.000000, 1.000000, 0.000000]
