image_width: 640
image_height: 360
camera_name: zed/right
camera_matrix:
  rows: 3
  cols: 3
  #data: [533.440682, 0.000000, 495.956073, 0.000000, 534.108309, 272.364187, 0.000000, 0.000000, 1.000000]
  data: [351.7833949670243, 0.000000, 329.75651910184166, 0.000000, 352.0518338730011, 180.44327857732958, 0.000000, 0.000000, 1.000000]
distortion_model: plumb_bob
distortion_coefficients:
  rows: 1
  cols: 5
  #data: [-0.174285, 0.027915, 0.000070, 0.000282, 0.000000]
  data: [-0.17324906274000207, 0.02707410882338875, -0.00013398578128914415, 0.0001800086869024027, 0.000000]
rectification_matrix:
  rows: 3
  cols: 3
  data: [0.999987, 0.003781, 0.003499, -0.003786, 0.999992, 0.001212, -0.003494, -0.001225, 0.999993]
projection_matrix:
  rows: 3
  cols: 4
  data: [357.394607, 0.000000, 324.489147, -42.889206, 0.000000, 357.394607, 186.573761, 0.000000, 0.000000, 0.000000, 1.000000, 0.000000]
