image_width: 960
image_height: 540
camera_name: zed/right
camera_matrix:
  rows: 3
  cols: 3
  #data: [533.440682, 0.000000, 495.956073, 0.000000, 534.108309, 272.364187, 0.000000, 0.000000, 1.000000]
  data: [530.2330178020497, 0.000000, 494.366171486542, 0.000000, 530.8773742657269, 273.1989947589332, 0.000000, 0.000000, 1.000000]
distortion_model: plumb_bob
distortion_coefficients:
  rows: 1
  cols: 5
  #data: [-0.174285, 0.027915, 0.000070, 0.000282, 0.000000]
  data: [-0.17422929190932754, 0.027414756927947592, 8.644343127400114e-05, 0.0002826262131983184, 0.000000]
rectification_matrix:
  rows: 3
  cols: 3
  data: [0.999194, 0.003953, 0.039948, -0.004121, 0.999983, 0.004146, -0.039931, -0.004307, 0.999193]
projection_matrix:
  rows: 3
  cols: 4
  data: [528.521434, 0.000000, 457.380836, -63.305376, 0.000000, 528.521434, 280.065393, 0.000000, 0.000000, 0.000000, 1.000000, 0.000000]
